Accelerogram: 
Elastic Spectrum. Number of Viscous Damping Values: 4
 
        Period [sec]	     Acc./Damp.=2.5%	     Acc./Damp.=5.0%	     Acc./Damp.=7.5%	    Acc./Damp.=10.0%	     Vel./Damp.=2.5%	     Vel./Damp.=5.0%	     Vel./Damp.=7.5%	    Vel./Damp.=10.0%	     Dsp./Damp.=2.5%	     Dsp./Damp.=5.0%	     Dsp./Damp.=7.5%	    Dsp./Damp.=10.0%	  PS-Acc./Damp.=2.5%	  PS-Acc./Damp.=5.0%	  PS-Acc./Damp.=7.5%	 PS-Acc./Damp.=10.0%	  PS-Vel./Damp.=2.5%	  PS-Vel./Damp.=5.0%	  PS-Vel./Damp.=7.5%	 PS-Vel./Damp.=10.0%	
               0.000	             0.13085	             0.13085	             0.13085	             0.13085	             0.00000	             0.00000	             0.00000	             0.00000	             0.00000	             0.00000	             0.00000	             0.00000	             0.13085	             0.13085	             0.13085	             0.13085	             0.00000	             0.00000	             0.00000	             0.00000	
               0.050	             0.15122	             0.14059	             0.13700	             0.13507	             0.59856	             0.55745	             0.51994	             0.48569	             0.00939	             0.00873	             0.00851	             0.00838	             0.15121	             0.14052	             0.13692	             0.13497	             1.18046	             1.09697	             1.06887	             1.05366	
               0.100	             0.14538	             0.14876	             0.14883	             0.14804	             1.37630	             1.05608	             0.94225	             0.85548	             0.03612	             0.03694	             0.03692	             0.03668	             0.14536	             0.14865	             0.14859	             0.14762	             2.26955	             2.32093	             2.31996	             2.30479	
               0.150	             0.22698	             0.20312	             0.17834	             0.15950	             4.01652	             3.57647	             3.05578	             2.64803	             0.12678	             0.11319	             0.09898	             0.08814	             0.22676	             0.20245	             0.17703	             0.15765	             5.31053	             4.74138	             4.14605	             3.69202	
               0.200	             0.24244	             0.21527	             0.19976	             0.19073	             4.55572	             4.22391	             3.76525	             3.48351	             0.24078	             0.21353	             0.19766	             0.18819	             0.24224	             0.21483	             0.19886	             0.18933	             7.56429	             6.70839	             6.20976	             5.91201	
               0.250	             0.22302	             0.20164	             0.20274	             0.20112	             6.74142	             5.43253	             4.61349	             4.42216	             0.34619	             0.31241	             0.31339	             0.30975	             0.22291	             0.20116	             0.20179	             0.19944	             8.70070	             7.85174	             7.87645	             7.78487	
               0.300	             0.30606	             0.25134	             0.22627	             0.21208	             9.75736	             7.93937	             7.04853	             6.44767	             0.68435	             0.56051	             0.50308	             0.46985	             0.30600	             0.25063	             0.22495	             0.21009	            14.33292	            11.73928	            10.53649	             9.84045	
               0.350	             0.25446	             0.21236	             0.19863	             0.19793	            10.54939	             8.99609	             8.11342	             7.45861	             0.77379	             0.64463	             0.60163	             0.59726	             0.25420	             0.21177	             0.19764	             0.19621	            13.89100	            11.57228	            10.80034	            10.72206	
               0.400	             0.31966	             0.28081	             0.25079	             0.22845	            15.75962	            12.86809	            10.70311	             9.11706	             1.27043	             1.11323	             0.99054	             0.89869	             0.31954	             0.28000	             0.24914	             0.22604	            19.95589	            17.48653	            15.55939	            14.11659	
               0.450	             0.31160	             0.25359	             0.22479	             0.20415	            16.24751	            12.96568	            11.13218	             9.75548	             1.56652	             1.27219	             1.12468	             1.01817	             0.31132	             0.25282	             0.22351	             0.20234	            21.87269	            17.76306	            15.70348	            14.21633	
               0.500	             0.25693	             0.22852	             0.21288	             0.19858	            12.96161	            10.61337	             9.46954	             8.73973	             1.59499	             1.41634	             1.31592	             1.22301	             0.25675	             0.22799	             0.21183	             0.19687	            20.04322	            17.79819	            16.53630	            15.36878	
               0.550	             0.21549	             0.20327	             0.19951	             0.19283	            14.85752	            10.99990	             9.66440	             9.33006	             1.61898	             1.52451	             1.49204	             1.43717	             0.21538	             0.20281	             0.19849	             0.19119	            18.49513	            17.41598	            17.04501	            16.41814	
               0.600	             0.25746	             0.22643	             0.20946	             0.19826	            20.99511	            14.69652	            12.84823	            11.58637	             2.30155	             2.02072	             1.86408	             1.75815	             0.25728	             0.22589	             0.20838	             0.19654	            24.10175	            21.16093	            19.52057	            18.41130	
               0.650	             0.22816	             0.22383	             0.21159	             0.19874	            21.36192	            16.78743	            15.18651	            13.58064	             2.39397	             2.34437	             2.21011	             2.06931	             0.22802	             0.22330	             0.21051	             0.19710	            23.14111	            22.66174	            21.36384	            20.00288	
               0.700	             0.32709	             0.26366	             0.22871	             0.20861	            25.67767	            20.87832	            17.54102	            15.03621	             3.97933	             3.20124	             2.76901	             2.51783	             0.32682	             0.26291	             0.22741	             0.20679	            35.71833	            28.73426	            24.85458	            22.59999	
               0.750	             0.31135	             0.24864	             0.22848	             0.21399	            27.56793	            21.49178	            17.49833	            14.84062	             4.34859	             3.46622	             3.17678	             2.96510	             0.31111	             0.24798	             0.22728	             0.21213	            36.43064	            29.03852	            26.61368	            24.84035	
               0.800	             0.24096	             0.22958	             0.21917	             0.20988	            22.03961	            19.45972	            17.36314	            15.66352	             3.82939	             3.64167	             3.46603	             3.30674	             0.24079	             0.22899	             0.21794	             0.20793	            30.07591	            28.60160	            27.22213	            25.97102	
               0.850	             0.25428	             0.21547	             0.21101	             0.20553	            25.44427	            20.05774	            18.71230	            17.36513	             4.56121	             3.85828	             3.76732	             3.65510	             0.25406	             0.21490	             0.20984	             0.20359	            33.71638	            28.52034	            27.84797	            27.01840	
               0.900	             0.23413	             0.21538	             0.21150	             0.20622	            26.29355	            21.60241	            20.37111	            19.02263	             4.70818	             4.32355	             4.23231	             4.10969	             0.23391	             0.21481	             0.21027	             0.20418	            32.86926	            30.18405	            29.54705	            28.69100	
               0.950	             0.23552	             0.22809	             0.21963	             0.21130	            28.74035	            24.68112	            22.71762	            20.84607	             5.27803	             5.10096	             4.89628	             4.69042	             0.23535	             0.22745	             0.21833	             0.20915	            34.90820	            33.73709	            32.38335	            31.02184	
               1.000	             0.26739	             0.24575	             0.22983	             0.21714	            32.53192	            28.14483	            24.84886	            22.22326	             6.63961	             6.08925	             5.67613	             5.34069	             0.26720	             0.24505	             0.22842	             0.21493	            41.71785	            38.25987	            35.66416	            33.55652	
               1.050	             0.27873	             0.25395	             0.23493	             0.21990	            33.67853	            28.84562	            25.14863	            22.24904	             7.62971	             6.93580	             6.39395	             5.95856	             0.27850	             0.25317	             0.23339	             0.21750	            45.65604	            41.50368	            38.26129	            35.65590	
               1.100	             0.27648	             0.25281	             0.23352	             0.21810	            31.41016	            26.92921	            23.70977	            21.41079	             8.30452	             7.57196	             6.96460	             6.47006	             0.27620	             0.25183	             0.23163	             0.21519	            47.43525	            43.25089	            39.78168	            36.95687	
               1.150	             0.27089	             0.24501	             0.22586	             0.21119	            31.48870	            27.43992	            24.32647	            21.87170	             8.89235	             8.01748	             7.35535	             6.83562	             0.27059	             0.24397	             0.22382	             0.20800	            48.58456	            43.80459	            40.18693	            37.34732	
               1.200	             0.25099	             0.22866	             0.21227	             0.19992	            31.22013	            27.13976	            24.12872	            21.76609	             8.97129	             8.14614	             7.52425	             7.03930	             0.25072	             0.22766	             0.21028	             0.19672	            46.97352	            42.65304	            39.39687	            36.85768	
               1.250	             0.22215	             0.20665	             0.19501	             0.18603	            29.53746	            25.40581	            22.90485	            20.90793	             8.61669	             7.99019	             7.49922	             7.10462	             0.22193	             0.20579	             0.19315	             0.18298	            43.31219	            40.16302	            37.69518	            35.71169	
               1.300	             0.22286	             0.19498	             0.17901	             0.17167	            27.55027	            23.30158	            21.14430	            19.59185	             9.35300	             8.17029	             7.48243	             7.09047	             0.22272	             0.19455	             0.17817	             0.16884	            45.20507	            39.48879	            36.16420	            34.26975	
               1.350	             0.24297	             0.21372	             0.19397	             0.18055	            29.40500	            23.65531	            20.63240	            18.38952	            10.99558	             9.65441	             8.74078	             8.11055	             0.24280	             0.21318	             0.19301	             0.17909	            51.17572	            44.93362	            40.68141	            37.74819	
               1.400	             0.25436	             0.22362	             0.20240	             0.18734	            32.44787	            26.44755	            22.24675	            19.95295	            12.37896	            10.86181	             9.80341	             9.04290	             0.25417	             0.22302	             0.20128	             0.18567	            55.55662	            48.74764	            43.99755	            40.58439	
               1.450	             0.25494	             0.22562	             0.20506	             0.19005	            37.12892	            29.58116	            26.29710	            24.48901	            13.30981	            11.75639	            10.65472	             9.84055	             0.25476	             0.22502	             0.20394	             0.18835	            57.67445	            50.94313	            46.16934	            42.64135	
               1.500	             0.24634	             0.22179	             0.20368	             0.18989	            44.54579	            35.71751	            31.62229	            28.84912	            13.76407	            12.37162	            11.33379	            10.53453	             0.24618	             0.22128	             0.20271	             0.18842	            57.65474	            51.82207	            47.47482	            44.12688	
               1.550	             0.24220	             0.21554	             0.20067	             0.18866	            48.54960	            40.03679	            35.61660	            32.34268	            14.44421	            12.84216	            11.93112	            11.18802	             0.24195	             0.21511	             0.19985	             0.18740	            58.55198	            52.05783	            48.36475	            45.35246	
               1.600	             0.23237	             0.20919	             0.19790	             0.18768	            49.15641	            42.52154	            38.46358	            35.14355	            14.76482	            13.28151	            12.53988	            11.86523	             0.23210	             0.20878	             0.19713	             0.18652	            57.98126	            52.15634	            49.24395	            46.59460	
               1.650	             0.22266	             0.20518	             0.19649	             0.18749	            47.99140	            44.56548	            41.00071	            37.71890	            15.04733	            13.85450	            13.24017	            12.60302	             0.22242	             0.20479	             0.19571	             0.18629	            57.30005	            52.75777	            50.41840	            47.99214	
               1.700	             0.21510	             0.20594	             0.19718	             0.18821	            50.37521	            47.28397	            43.70404	            40.27052	            15.43353	            14.75865	            14.09925	            13.42090	             0.21491	             0.20551	             0.19633	             0.18688	            57.04213	            54.54781	            52.11067	            49.60350	
               1.750	             0.23104	             0.21050	             0.19943	             0.18945	            55.57636	            51.02964	            46.72686	            42.83733	            17.56777	            15.98263	            15.10298	            14.30224	             0.23085	             0.21002	             0.19846	             0.18794	            63.07512	            57.38385	            54.22557	            51.35061	
               1.800	             0.25101	             0.22412	             0.20263	             0.19050	            61.70495	            55.30097	            50.03737	            45.59456	            20.19380	            17.99548	            16.23426	            15.19873	             0.25082	             0.22352	             0.20164	             0.18878	            70.48960	            62.81601	            56.66821	            53.05352	
               1.850	             0.27010	             0.23852	             0.21462	             0.19617	            67.50899	            59.51801	            53.22328	            48.13734	            22.95426	            20.23418	            18.15142	            16.50567	             0.26990	             0.23792	             0.21343	             0.19408	            77.95988	            68.72164	            61.64791	            56.05844	
               1.900	             0.28719	             0.25186	             0.22539	             0.20504	            72.07461	            62.86471	            55.79640	            50.22004	            25.73973	            22.51062	            20.04742	            18.11107	             0.28694	             0.25094	             0.22348	             0.20190	            85.11965	            74.44118	            66.29555	            59.89215	
               1.950	             0.29916	             0.26080	             0.23239	             0.21073	            75.10628	            65.14450	            57.61184	            51.73824	            28.23285	            24.52562	            21.72703	            19.54647	             0.29880	             0.25956	             0.22994	             0.20687	            90.97028	            79.02508	            70.00760	            62.98153	
               2.000	             0.30305	             0.26398	             0.23502	             0.21299	            76.38209	            66.25978	            58.57268	            52.61929	            30.08719	            26.11927	            23.11767	            20.77963	             0.30270	             0.26278	             0.23258	             0.20906	            94.52163	            82.05604	            72.62624	            65.28109	
               2.050	             0.30018	             0.26260	             0.23419	             0.21242	            75.77069	            66.09143	            58.77950	            53.02162	            31.31614	            27.31103	            24.23274	            21.81850	             0.29988	             0.26153	             0.23205	             0.20893	            95.98291	            83.70737	            74.27253	            66.87295	
               2.100	             0.29347	             0.25822	             0.23110	             0.21014	            74.27951	            65.23664	            58.16376	            52.64481	            32.13000	            28.19446	            25.11978	            22.69194	             0.29320	             0.25729	             0.22923	             0.20707	            96.13265	            84.35756	            75.15814	            67.89408	
               2.150	             0.28531	             0.25219	             0.22658	             0.20668	            72.73182	            63.83804	            57.14971	            51.99924	            32.74369	            28.86910	            25.83671	            23.44009	             0.28506	             0.25133	             0.22493	             0.20407	            95.69047	            84.36732	            75.50546	            68.50154	
               2.200	             0.27635	             0.24498	             0.22112	             0.20265	            71.40882	            62.40400	            55.88265	            50.97650	            33.20911	            29.36751	            26.40865	            24.08295	             0.27612	             0.24418	             0.21958	             0.20024	            94.84491	            83.87334	            75.42287	            68.78069	
               2.250	             0.26640	             0.23675	             0.21480	             0.19806	            70.70590	            61.32848	            54.64872	            49.96967	            33.48767	            29.69810	            26.85070	            24.63517	             0.26620	             0.23608	             0.21344	             0.19583	            93.51513	            82.93267	            74.98123	            68.79432	
               2.300	             0.25517	             0.22787	             0.20805	             0.19304	            69.68514	            60.68785	            54.04335	            49.07405	            33.51894	            29.87777	            27.19926	            25.13271	             0.25499	             0.22729	             0.20691	             0.19119	            91.56763	            81.62060	            74.30341	            68.65798	
               2.350	             0.24259	             0.21854	             0.20122	             0.18814	            67.02216	            59.26038	            53.42199	            48.94172	            33.26779	            29.91673	            27.47870	            25.60310	             0.24243	             0.21801	             0.20024	             0.18657	            88.94788	            79.98818	            73.46961	            68.45485	
               2.400	             0.22901	             0.20884	             0.19444	             0.18348	            62.73798	            57.57710	            54.02321	            50.84071	            32.75910	            29.82332	            27.69921	            26.06223	             0.22888	             0.20836	             0.19352	             0.18209	            85.76304	            78.07721	            72.51630	            68.23070	
               2.450	             0.21515	             0.19902	             0.18770	             0.17910	            64.35561	            60.17386	            56.45016	            53.08270	            32.07331	            29.62309	            27.87216	            26.51667	             0.21503	             0.19860	             0.18687	             0.17778	            82.25403	            75.97028	            71.47991	            68.00367	
               2.500	             0.20157	             0.18936	             0.18115	             0.17495	            66.81580	            62.63202	            58.78524	            55.25550	            31.28862	            29.35067	            28.01670	            26.97859	             0.20146	             0.18899	             0.18040	             0.17371	            78.63680	            73.76621	            70.41360	            67.80453	
               2.550	             0.18836	             0.17996	             0.17493	             0.17117	            69.22310	            65.01518	            61.03635	            57.34103	            30.42015	            29.03102	            28.16024	            27.47196	             0.18827	             0.17967	             0.17428	             0.17002	            74.95502	            71.53221	            69.38662	            67.69069	
               2.600	             0.18489	             0.17503	             0.17026	             0.16794	            71.69395	            67.35242	            63.20087	            59.32595	            31.03029	            29.31023	            28.40699	            28.03020	             0.18473	             0.17449	             0.16911	             0.16687	            74.98805	            70.83132	            68.64856	            67.73800	
               2.650	             0.18898	             0.17682	             0.17180	             0.16702	            74.27693	            69.65557	            65.27392	            61.20085	            32.95002	            30.75292	            29.76098	            28.78404	             0.18882	             0.17623	             0.17055	             0.16495	            78.12488	            72.91551	            70.56363	            68.24728	
               2.700	             0.19367	             0.17873	             0.17333	             0.16832	            76.93386	            71.91848	            67.25921	            62.96760	            35.05463	            32.26097	            31.15531	            30.08750	             0.19351	             0.17809	             0.17199	             0.16609	            81.57576	            75.07462	            72.50164	            70.01674	
               2.750	             0.19877	             0.18114	             0.17480	             0.16953	            79.56522	            74.09711	            69.13438	            64.61640	            37.32249	            33.93764	            32.58127	            31.41241	             0.19861	             0.18060	             0.17338	             0.16716	            85.27415	            77.54047	            74.44145	            71.77085	
               2.800	             0.20407	             0.18568	             0.17616	             0.17062	            82.04871	            76.14637	            70.88122	            66.14308	            39.72390	            36.06772	            34.02660	            32.75290	             0.20390	             0.18514	             0.17466	             0.16812	            89.14014	            80.93571	            76.35545	            73.49727	
               2.850	             0.20940	             0.19036	             0.17735	             0.17157	            84.33463	            78.04354	            72.49703	            67.54225	            42.23114	            38.31291	            35.48066	            34.10303	             0.20923	             0.18982	             0.17579	             0.16896	            93.10381	            84.46558	            78.22152	            75.18438	
               2.900	             0.21467	             0.19517	             0.17878	             0.17343	            86.37111	            79.78386	            73.99965	            68.84720	            44.83033	            40.68176	            37.17692	            35.99347	             0.21452	             0.19467	             0.17790	             0.17223	            97.13002	            88.14166	            80.54803	            77.98395	
               2.950	             0.21995	             0.20018	             0.18371	             0.17950	            88.91451	            81.90696	            75.73924	            70.24387	            47.53128	            43.18560	            39.54791	            38.53035	             0.21980	             0.19970	             0.18288	             0.17818	           101.23648	            91.98065	            84.23276	            82.06546	
               3.000	             0.22528	             0.20542	             0.18901	             0.18659	            91.51329	            84.28477	            77.89923	            72.20519	            50.34885	            45.83977	            42.08085	            41.40270	             0.22513	             0.20497	             0.18816	             0.18513	           105.45029	            96.00651	            88.13385	            86.71354	
